第一次测试数据：
[0 0], [2 0], [1 2],2,2,2

Triranging([0 0], [2 0], [1 2],2,2,2)
时间已过 0.628565 秒。
1.0000,0.7418

LeastSquares([0 0], [2 0], [1 2],2,2,2)
时间已过 0.001922 秒。
1.0000,0.7500

Hyperbola([0 0], [2 0], [1 2],2,2,2)
时间已过 0.266048 秒。
1.0000,0.7500

TotalLeastSquares([0 0], [2 0], [1 2],2,2,2)
时间已过 0.060251 秒。
1.0481,0.8258

第二次测试数据：
[0 0;2 0;1 2],[2;2;2]

Triranging([0 0;2 0;1 2],[2;2;2])
时间已过 0.576842 秒。
1.0000,0.7418

LeastSquares([0 0;2 0;1 2],[2;2;2])
时间已过 0.000055 秒。
1.0000,0.7500

Hyperbola([0 0;2 0;1 2],[2;2;2])
时间已过 0.150198 秒。
1.0000,0.7500

TotalLeastSquares([0 0;2 0;1 2],[2;2;2]) 
时间已过 0.000781 秒。
1.0481,0.8258